1
2
3
100
200
300
400
500
600
700
800
900
1000
99
102
105
108
111
114
117
120
123
126
129
132
135
138
141
144
147
150
153
156
159
162
165
168
171
174
177
180
183
186
189
192
195
198
201
204
207
210
213
216
219
222
225
228
231
234
237
240
243
246
249
252
255
258
261
264
267
270
273
276
101
103
104
106
107
109
110
112
113
115
116
118
119
121
122
124
125
127
128
130
131
133
134
136
137
139
140
142
143
145
146
148
149
151
152
154
155
157
158
160
161
163
164
166
167
169
170
172
173
175
176
178
179
181
182
184
185
187
188
190
191
193
194
196
197
199
544
799
5
7
9
11
13
15
17
19
21
23
25
27
29
31
33
35
37
39
41
43
45
47
49
51
53
55
57
59
61
63
65
67
69
71
73
75
77
4
6
8
10
12
14
16
18
20
22
24
26
28
30
32
34
36
38
40
42
44
46
48
50
52
54
56
58
60
62
64
66
68
70
72
74
76
78
79
80
81
82
83
84
85
86
87
88
89
90
91
92
93
94
95
96
97
98
